C200704131824A     -35.070  -108.850    14.300
C200507230851A     -30.040  -177.670    60.600
C200704211753A     -45.480   -72.950    12.000
C200809291519A     -29.850  -177.460    51.100
C200904260006A     -30.190  -178.240   151.900
C201212141036A      31.080  -119.610    21.100
C201403162116A     -19.940   -70.920    12.000
C201111111041A     -55.720  -124.570    20.900
C200706141337A     -36.220  -100.370    17.700
C201404102327A      12.420   -86.540    15.300
C201203171950A     -35.090  -107.790    18.200
C201411162233A     -37.510   179.740    20.900
C112801C            15.780   -93.400    65.000
C200901010627A     -35.070  -107.810    18.800
C200908031840A      29.430  -113.750    18.900
C201505191525A     -54.530  -132.390    14.900
C042300B           -28.410   -63.040   607.900
C200808262100A      -7.760   -74.490   158.200
C200504161218A     -54.410  -132.310    12.000
C201209252345A      24.920  -110.290    12.000
C201306151734A      11.620   -87.300    39.400
C201001181540A      13.690   -90.540    69.200
C201111021459A     -55.340  -129.080    15.000
C200907141838A     -21.970   -67.320   196.700
C200803180822A     -29.090  -176.890    35.100
C200809031125A     -26.850   -63.300   571.300
C201103010053A     -29.680  -112.260    19.900
C201412071211A      13.690   -91.810    20.000
C201604120322A      -3.660  -103.960    14.400
C201010211753A      24.830  -109.290    14.200
C200903150819A     -14.600   -70.630   210.800
C201409032034A     -26.830  -114.670    12.000
C201107261744A      25.060  -109.630    17.500
C200507232009A      11.940   -86.310   166.500
B020104B           -31.570   179.920   356.000
C200810122055A     -20.300   -65.230   361.500
C201204120715A      28.570  -112.760    15.800
C201607060101A     -56.960  -141.550    22.900
C201406191954A     -19.800   -71.150    23.000
C200806262119A     -21.030  -172.940    57.400
C201204141056A     -57.590   -65.760    19.900
C200810161941A      14.280   -92.900    29.900
C201205280507A     -28.250   -63.070   591.600
C201507201108A     -35.450  -104.830    17.700
C200701310315A     -29.540  -177.400    56.100
C200711022231A     -55.400  -128.800    13.600
C201005061135A     -55.490  -128.150    12.000
C200909021800A     -29.240  -178.670   259.400
C200709070446A     -55.920  -123.730    23.200
C200907031100A      25.200  -109.870    14.400
C200611130126A     -26.100   -63.470   573.400
C051094C           -28.620   -63.020   603.000
C201011210436A     -54.700  -131.530    15.000
C201301302015A     -28.090   -71.180    45.800
C200809010400A     -25.510  -177.250   172.300
C200507100446A     -36.380   -97.460    12.000
C201412061721A       8.000   -82.710    19.000
C201609120651A     -28.760  -112.600    12.700
C200506021056A     -24.350   -67.210   193.200
C200802041701A     -20.270   -70.760    46.100
C201109021347A     -28.560   -63.080   597.300
C200504162241A     -17.770   -69.950   129.600
C200911241247A     -20.850  -173.550    25.900
C200704060554A     -55.610  -123.850    12.000
C201408232232A     -32.760   -71.740    42.000
C201409040533A     -21.530  -173.150    46.500
C200609101456A      26.320   -86.840    29.600
C201403221259A     -19.730   -71.140    18.900
C201206020752A     -22.080   -63.590   549.500
C201104170158A     -27.610   -63.110   573.900
C200709011914A      24.760  -109.890    14.900
C201304220116A      18.050  -102.190    26.600
C201211170512A     -18.460  -171.990    12.000
B042300D           -28.430   -62.960   610.400
C201404030158A     -20.340   -70.880    33.700
C201005200806A     -39.040   -92.330    12.000
C200907120612A     -15.250   -70.750   197.100
C201310191754A      26.190  -110.530    15.900
C201111221848A     -15.400   -65.180   553.800
C100695C           -19.790  -175.520   216.900
C200909050358A     -15.460   -70.680   209.800
C201109231902A      -9.070  -109.660    16.100
C200608250044A     -24.440   -67.180   185.800
C201003070705A     -16.340  -115.450    12.700
C200809240233A      17.690  -105.600    16.900
C201310300229A     -35.460   -73.360    12.700
C201008121154A      -1.510   -77.510   197.800
C201404040137A     -20.610   -70.910    19.500
C200705251747A     -24.330   -67.360   188.500
C201010301518A     -56.640  -142.630    19.900
C200905132131A     -15.760  -172.930   101.700
C200806150837A     -36.620  -107.670    22.400
C200811230753A     -20.230  -175.120   184.500
C200702251500A      26.180  -110.650    19.100
C201406051722A     -29.240  -112.610    14.500
C200810301515A      -9.080  -108.300    18.100
C201302070719A     -15.730  -172.580    20.900
C200910020107A     -16.450  -173.060    12.000
C201606080831A      -3.870  -104.390    14.900
C201005241618A      -8.080   -71.640   591.400
C200806050522A     -39.020   -91.720    12.000
C201405121838A     -49.900  -115.060    13.200
C201311021552A     -23.690  -112.600    14.800
C200910270004A     -60.050   -65.540    15.000
C200709250515A     -30.690  -179.850   420.600
C201412080854A       7.980   -82.630    20.400
C200509050737A     -56.590  -142.540    12.000
C201407031950A     -30.350  -176.300    49.100
C201406231919A     -30.030  -177.130    26.400
C200609170934A     -31.900   -67.150   146.100
C200903122323A       5.510   -82.600    23.400
C200806120530A     -50.030  -114.500    15.000
C200811152303A      12.970   -89.080    64.400
C201212270037A     -35.890   -73.770    12.000
C201005050938A     -35.940  -103.350    20.500
C200610151707A      19.830  -155.940    48.000
C201210080626A      25.170  -109.730    19.700
C201205100213A     -28.780  -112.670    15.000
C201409060653A     -26.890  -114.560    12.000
C121197C             4.110   -75.840   189.500
C201403150859A     -14.100   -76.530    21.900
C201009130715A     -14.730   -71.090   171.000
C201007120011A     -22.400   -68.610   134.700
C200707211534A     -22.310   -66.000   280.200
C200609121330A     -29.190   -69.130   113.700
C200505081707A      20.610  -109.240    16.000
C200703130259A      26.250  -110.690    15.900
C200802121250A      16.350   -94.510    87.100
C201607270125A     -44.620   -79.480    20.300
C092600A           -17.220  -173.260    69.700
C200908031800A      29.220  -113.530    12.200
C200507060622A     -35.910  -103.130    12.000
C201410280315A     -15.120  -174.580    13.900
C200905100116A       1.220   -85.330    14.400
C200908301451A     -15.120  -172.280    18.300
C200511091133A      -1.200   -77.100   247.400
C201405062052A     -36.400   -97.600    16.100
C200703311249A     -55.940  -123.610    12.000
C200911130306A     -19.600   -71.010    36.200
C200507261411A     -15.410   -73.150   107.600
C200709132006A     -57.870  -147.270    13.900
C201010200658A      24.720  -109.180    15.500
C042994A           -28.510   -63.220   565.900
C201309111244A      -4.450  -104.840    16.200
C201601050934A     -54.460  -136.560    12.000
C201401200252A     -40.670   175.800    24.500
C122798A           -21.690  -175.860   159.600
C201403231819A     -19.700   -71.050    21.700
C200911012128A     -15.340  -173.390   120.400
C201412072116A      13.650   -91.840    25.800
C092201A             4.030   -76.170   178.000
C200901292228A      -8.160   -71.520   614.600
C201308131543A       5.770   -78.190    20.900
C201608181809A     -55.970  -123.630    13.400
C200512232147A      -1.590   -77.760   196.800
C200609301626A     -15.720   -73.340   120.400
B102302F           -30.690  -179.560   363.800
C201012052144A     -36.220  -101.080    18.600
C201005191030A     -54.720  -135.490    14.900
C201005232246A     -14.030   -74.520   108.900
C201510110058A     -54.610  -136.110    12.900
C201207180425A     -55.360  -128.960    20.300
C200608152353A     -21.180  -175.700   162.500
C200811050341A     -17.220  -174.060   185.600
C201602162348A     -55.740  -124.570    20.100
C201412262352A       6.680   -82.410    17.900
C101202H            -8.300   -71.660   539.400
C082595D           -18.560  -175.140   234.000
C201211221307A     -22.860   -63.690   544.400
C201304260653A     -28.670  -178.820   356.000
C070998D           -30.510  -178.710   154.500
C200506151952A     -44.910   -80.680    17.000
C112897C           -13.700   -68.900   600.500
C102100B           -17.400  -174.790   299.600
C200611191857A      -4.540  -104.850    17.100
C200607070726A     -15.240  -173.440    53.400
C051200C           -23.720   -66.850   226.600
C201410090214A     -32.340  -110.810    12.000
C200707211327A      -8.080   -71.300   637.500
C081500C           -31.420  -179.950   367.400
C200911141944A     -23.040   -66.830   221.200
C201004101654A     -20.120  -175.740   278.200
C200903160713A     -55.230  -129.570    17.300
C201609051518A     -37.070   178.850    19.700
C200904031754A     -28.090   -66.710   180.400
C201308120949A      -5.520   -82.130    12.000
C200806050216A     -39.010   -91.850    12.000
C070401B           -21.810  -176.310   186.500
C200503211223A     -24.880   -63.540   572.300
C201003051147A     -36.890   -73.750    14.900
C120799F           -15.750  -173.620   148.600
C201002281125A     -35.110   -72.050    53.500
C201308211238A      17.000   -99.540    23.300
C200707120523A      -8.000   -74.420   156.400
C200811190611A       8.230   -82.770    42.100
C200907081923A     -35.990  -102.750    17.600
C200711160312A      -2.500   -78.000   114.300
C201405182347A      -4.470  -105.760    15.000
C100201B           -16.200  -173.360   108.900
C201212171741A      -3.960  -104.350    16.400
C200609242108A     -31.890   -67.180   151.600
C201403152351A      -5.650   -81.100    32.500
C200503171337A      15.200   -91.630   181.500
C200901181411A     -30.060  -177.580    52.000
C200912030612A     -56.110  -122.780    12.000
C201411011059A     -31.940  -111.220    12.000
C200512221220A     -54.570  -135.910    15.000
C201501070306A     -35.880  -103.370    20.100
C110100A            -7.990   -74.350   153.100
C200601040832A      28.380  -112.510    15.000
C092395E           -10.620   -78.470    73.100
C201509130814A      25.090  -109.530    14.900
C200708261237A     -17.340  -173.840   130.300
C201401210129A     -15.270  -174.860    12.000
C201509262140A     -56.680  -142.490    23.800
C200711201528A     -29.810  -177.400    51.500
C200505121115A     -57.570  -138.910    12.000
C200702140129A     -29.740  -112.170    17.100
C200711211255A     -25.020   -68.810   127.300
C201310062133A     -36.410   -98.180    24.700
C201011121901A     -35.990  -102.280    18.800
C200712200755A     -38.920   178.400    30.400
C081804B            16.400   -95.140    77.600
C200705071115A     -45.000   -81.210    20.300
C201302221201A     -27.890   -63.000   585.700
C200802161445A     -21.580   -68.770   135.300
C061600B           -33.950   -69.920   109.100
C201311021853A     -19.330  -172.260    12.000
C121304C            13.300   -89.810    60.000
B042703C            -8.200   -71.560   580.200
C200909240716A      18.900  -107.500    13.900
C201205180200A     -44.900   -80.510    20.600
C201403191600A     -27.980  -176.690    36.600
C201310300251A     -35.430   -73.480    12.000
C201310312303A     -30.460   -71.860    35.800
C200809180141A      -4.530  -105.980    16.000
C201005190415A      -5.130   -77.550   132.200
C032597I            -8.860   -71.250   618.000
C050397C           -31.700  -179.060   119.300
C201203050746A     -28.190   -63.270   565.100
C101597A           -31.060   -71.420    69.800
C072998A           -32.300   -71.670    58.000
C201405130635A       7.360   -82.410    17.600
C201009040852A     -17.330  -173.540    83.100
C200711290326A     -36.430   -98.350    24.500
C201002121203A     -33.630   -69.020   173.500
C201403170511A     -20.010   -71.050    17.800
C201012240548A     -63.590  -167.620    14.600
C061599F            18.440   -97.380    61.200
C082899C            -1.360   -77.750   198.200
C112900B           -24.630   -70.890    53.000
C072703A           -21.090  -176.120   215.600
C201309051229A      10.300   -86.450    20.600
C201109150753A     -35.180  -178.680    12.000
C201006171306A     -32.900   179.940   204.800
C201010200409A      24.740  -109.190    19.400
C201005060242A     -18.320   -71.250    52.600
C201404260602A     -20.800  -174.290    49.100
C201403182126A     -20.010   -71.020    13.600
C062901E           -19.680   -66.390   287.200
C200908182120A     -25.990  -178.080   277.300
C201101010956A     -27.020   -63.210   586.000
C200912310923A     -59.780  -150.900    16.100
C200805312316A     -28.900  -112.400    12.000
C201410080240A      23.850  -108.620    15.200
C201309250651A     -50.030  -114.250    12.000
C200612020952A     -17.690  -173.850   135.400
C200506211043A     -36.170  -101.120    12.000
C201004052236A     -20.070   -69.320   124.500
C200711180540A     -22.670   -66.480   262.400
C200803242039A     -20.310   -69.420   129.200
C113099A           -19.010   -69.370   138.200
C201608312204A     -37.090   179.050    27.200
C200905160053A     -31.560  -178.120    47.700
C200708041424A      -4.600  -105.680    15.600
C201003042239A     -22.360   -68.690   118.700
C050802B           -17.850  -174.060   137.500
C060204B           -32.780  -178.860    50.000
C200804150303A      13.420   -91.000    32.800
C201001171200A     -57.940   -66.160    18.600
C200607300121A      26.870  -111.360    22.900
C112199A           -21.440   -68.890   109.300
C201001280804A     -23.640   -66.960   204.500
C200609220232A     -26.850   -63.050   602.400
C201009160154A     -16.000  -173.490    93.200
C061802C           -31.040   -71.630    57.000
C200902182153A     -27.270  -175.900    36.500
C200811080750A     -15.070  -173.940   131.900
C201405311153A      18.990  -107.500    17.000
C092402B           -31.480   -69.120   119.900
C052597D           -32.020  -179.950   345.000
C200506070422A     -29.200  -178.900   326.100
C200508060956A     -19.600  -175.350   217.700
C112498F           -16.420  -174.460   235.800
C060798C            15.960   -93.990    75.500
C200511171926A     -22.460   -68.130   155.300
C122999A            18.000  -101.630    50.000
C200909172321A     -29.240  -112.440    12.700
C200810221255A     -18.400  -174.980   244.000
C201305200949A     -44.950   -80.990    19.100
C200905031621A      14.560   -91.500    90.500
C062003D            -7.370   -71.890   556.200
C070501K           -16.070   -73.600    69.100
C091100D           -15.740  -173.330   124.600
C101495B           -25.530  -177.170   172.100
C071998B           -21.920  -175.290    65.000
C201301151609A     -62.600  -161.940    12.000
C200510172159A      11.650   -86.070   162.200
C200908011333A     -55.700  -124.580    20.100
C111496H           -21.290  -176.100   202.200
C200807080913A     -16.260   -72.000   125.700
C201204120706A      28.900  -113.090    15.900
C201403100038A      16.020   -98.420    12.000
C201309251642A     -16.030   -74.810    46.100
C111204H           -26.850   -63.180   583.100
C201211130431A     -45.800   -77.540    17.900
C120304C           -34.360   179.710   155.500
C123196C            15.830   -93.180    81.600
C122004B           -15.800  -174.220   256.100
B111304B           -26.830   -63.200   582.000
C200611302120A     -54.010  -133.950    12.000
C200610100802A     -56.180  -122.410    12.000
C072703D           -20.050   -65.190   350.600
C201512241944A     -56.060  -123.110    12.100
C121498D           -38.280   -71.250   145.900
C200910141800A     -14.900  -174.610    12.700
C200603050807A     -20.090  -175.220   213.900
B032197A           -31.180   179.900   452.800
C052297B            18.760  -101.730    55.500
C090297B             4.000   -75.570   213.200
C081995C             5.220   -75.690   128.700
C112104A           -15.220  -174.590   270.000
C072097C           -22.820   -66.120   271.300
C091599A           -20.730   -67.370   217.500
C111598B           -21.550  -175.870   171.000
C042699C            -1.500   -77.830   164.200
C081994B           -26.720   -63.420   562.600
C120196B           -30.460  -179.400   369.600
C121897C            13.940   -89.190   177.600
C110596B           -30.950  -179.730   366.700
C122794C           -31.840   179.820   225.800
C110997C            13.880   -89.300   178.100
C100898A           -16.020   -71.590   140.600
C050295B            -3.770   -77.070   112.800
C011094C           -13.280   -69.270   603.600
C072895B           -21.180  -174.900   125.300
C080596B           -15.270  -172.760    53.800
B110494A            -9.400   -71.070   619.200
